lploss01=1.30685dB,lp11=0.249822dB,
d1=11
誤差lpdiff11=0.0570312db
lploss01=1.09294dB,lp11=0.180855dB,
d1=10
誤差lpdiff11=0.0879112db
