lploss01=1.30706dB,lp11=0.250521dB,
d1=11,49,50
誤差lpdiff11=0.0565375db
lploss01=1.09314dB,lp11=0.181542dB,
d1=10,49,50
誤差lpdiff11=0.0884037db
