lploss01=4.02683dB,lp11=3.12333dB,2.19043dB,2.29778dB1.37232dB,1.43759dB
d1=6,16,20,26
誤差lp11=0.0964972db誤差lp02=0.0364028db誤差lp21=0.0709481db誤差lp31=0.0545138db誤差lp12=0.0107593db
